2
110 75

0	250
250	0

5	11
2	9
0.1 

30
NP	3	1	1	18
SP	4	2	2	20
EP	4	3	1	21	3
NP	6	4	2	30
SP	7	5	1	50
EP	9	6	2	70	5
NP	12	7	1	65
SP	13	8	2	50
EP	13	9	1	90	1
NP	16	10	2	80
SP	18	11	1	40	
EP	20	12	2	100	3
NP	23	13	1	55
SP	24	14	2	85
EP	25	15	1	101	4
NP	27	16	2	67
SP	30	17	1	98
EP	32	18	2	65	1
NP	35	19	1	153
SP	37	20	2	147
EP	40	21	1	64	2
NP	45	22	2	111
SP	46	23	1	76
EP	49	24	2	105	5
NP	53	25	1	87
SP	53	26	2	45
EP	53	27	1	103	4
NP	56	28	2	53
SP	59	29	1	103
EP	60	30	2	118	3

5
5	2	2
13	6	2
18	9	1
24	11	1
53	23	1